import java.io.BufferedReader;
import java.io.FileNotFoundException;
import java.io.FileReader;
import java.io.IOException;

public class A {
    //This problem consisted of 20 nodes

    // Time window violation costs:
    int[] penalties = {40, 8, 7, 8, 9, 9, 9, 6, 8, 8, 9, 8, 7, 8, 7, 9, 7, 7, 6, 9};
    //Time window settings used
    int[] easyEarly = {0, 0, 0, 0, 0, 0, 0, 0, 0, 0, 0, 0, 0, 0, 0, 0, 0, 0, 0, 0};
    int[] easyLate = {480, 480, 480, 480, 480, 480, 480, 480, 480, 480, 480, 480, 480, 480, 480, 480, 480, 480, 480, 480};

    int[] mediumEarly = {0, 300, 0, 300, 300, 300, 0, 0, 0, 0, 300, 300, 300, 0, 300, 0, 300, 300, 300, 0};
    int[] mediumLate = {480, 480, 180, 480, 480, 480, 180, 180, 180, 180, 480, 480, 480, 180, 480, 180, 480, 480, 480, 180};

    int[] hardEarly = {0, 0, 300, 0, 60, 60, 360, 300, 300, 300, 0, 360, 0, 360, 360, 360, 0, 360, 360, 300};
    int[] hardLate = {480, 120, 420, 120, 180, 180, 480, 420, 420, 420, 120, 480, 120, 480, 480, 480, 120, 480, 480, 420};



// cost of traveling using a taxi between pair nodes

    double [][] taxiCost = {{1000.00,7.00,6.10,3.24,5.12,3.24,3.24,7.32,5.00,6.00,6.83,9.60,7.00,8.81,11.00,10.22,10.49,11.30,12.40 ,1000.00},
            {7.00,1000.00,2.41,5.12,3.24,8.28,6.39,3.00,8.21,8.81,6.83,6.10,9.49,7.08,7.32,10.85,10.49,10.06,10.06 ,1000.00},
            {6.10,2.41,1000.00,4.61,3.24,7.71,6.00,4.16,8.07,8.81,7.32,7.32,9.60,8.00,8.62,11.44,11.20,11.00,11.20 ,1000.00},
            {3.24,5.12,4.61,1000.00,3.00,4.16,2.41,5.12,4.61,5.47,5.12,7.40,6.39,6.83,8.81,9.00,9.06,9.54,10.43 ,1000.00},
            {5.12,3.24,3.24,3.00,1000.00,6.10,4.16,3.24,6.00,6.66,5.12,6.00,7.40,6.10,7.40,9.25,9.06,9.06,9.54 ,1000.00},
            {3.24,8.28,7.71,4.16,6.10,1000.00,3.00,8.00,3.24,4.16,6.00,9.54,5.12,8.21,10.85,8.62,9.06,10.22,11.63 ,1000.00},
            {3.24,6.39,6.00,2.41,4.16,3.00,1000.00,6.00,3.24,4.16,4.61,7.71,5.12,6.66,9.06,8.07,8.28,9.06,10.22 ,1000.00},
            {7.32,3.00,4.16,5.12,3.24,8.00,6.00,1000.00,7.32,7.71,5.24,4.16,8.21,5.12,5.47,9.06,8.62,8.07,8.07 ,1000.00},
            {5.00,8.21,8.07,4.61,6.00,3.24,3.24,7.32,1000.00,2.00,4.16,8.07,3.00,6.39,9.25,6.39,6.83,8.07,9.60 ,1000.00},
            {6.00,8.81,8.81,5.47,6.66,4.16,4.16,7.71,2.00,1000.00,4.00,8.00,2.00,6.10,9.06,5.47,6.00,7.40,9.06 ,1000.00},
            {6.83,6.83,7.32,5.12,5.12,6.00,4.61,5.24,4.16,4.00,1000.00,5.00,4.16,3.24,6.10,5.12,5.00,5.47,6.66 ,1000.00},
            {9.60,6.10,7.32,7.40,6.00,9.54,7.71,4.16,8.07,8.00,5.00,1000.00,8.07,3.24,2.41,7.40,6.66,5.47,5.00 ,1000.00},
            {7.00,9.49,9.60,6.39,7.40,5.12,5.12,8.21,3.00,2.00,4.16,8.07,1000.00,6.00,9.00,4.61,5.24,6.83,8.62 ,1000.00},
            {8.81,7.08,8.00,6.83,6.10,8.21,6.66,5.12,6.39,6.10,3.24,3.24,6.00,1000.00,4.00,5.24,4.61,4.00,4.61 ,1000.00},
            {11.00,7.32,8.62,8.81,7.40,10.85,9.06,5.47,9.25,9.06,6.10,2.41,9.00,4.00,1000.00,7.71,6.83,5.24,4.16 ,1000.00},
            {10.22,10.85,11.44,9.00,9.25,8.62,8.07,9.06,6.39,5.47,5.12,7.40,4.61,5.24,7.71,1000.00,2.00,4.00,6.00 ,1000.00},
            {10.49,10.49,11.20,9.06,9.06,9.06,8.28,8.62,6.83,6.00,5.00,6.66,5.24,4.61,6.83,2.00,1000.00,3.00,5.00 ,1000.00},
            {11.30,10.06,11.00,9.54,9.06,10.22,9.06,8.07,8.07,7.40,5.47,5.47,6.83,4.00,5.24,4.00,3.00,1000.00,3.00 ,1000.00},
            {12.40,10.06,11.20,10.43,9.54,11.63,10.22,8.07,9.60,9.06,6.66,5.00,8.62,4.61,4.16,6.00,5.00,3.00,1000.00 ,1.00},
            {13.04,10.22,11.44,11.00,9.94,12.40,10.90,8.28,10.43,9.94,7.40,5.12,9.54,5.24,4.00,7.00,6.00,4.00,2.00 ,1000.00},
    } ;
    // time it takes to travel using a taxi between pair nodes
    double [][] taxiTime = {{1000.00,35.00,29.74,13.04,24.05,13.04,13.04,36.89,23.33,29.17,34.01,50.18,35.00,45.56,58.33,53.78,55.34,60.06,66.51,70.24},
            {35.00,1000.00,8.25,24.05,13.04,42.47,31.41,11.67,42.06,45.56,34.01,29.74,49.50,35.48,36.89,57.45,55.34,52.82,52.82,53.78},
            {29.74,8.25,1000.00,21.03,13.04,39.13,29.17,18.45,41.25,45.56,36.89,36.89,50.18,40.83,44.43,60.90,59.49,58.33,59.49,60.90},
            {13.04,24.05,21.03,1000.00,11.67,18.45,8.25,24.05,21.03,26.09,24.05,37.35,31.41,34.01,45.56,46.67,47.03,49.84,55.03,58.33},
            {24.05,13.04,13.04,11.67,1000.00,29.74,18.45,13.04,29.17,33.00,24.05,29.17,37.35,29.74,37.35,48.10,47.03,47.03,49.84,52.17},
            {13.04,42.47,39.13,18.45,29.74,1000.00,11.67,40.83,13.04,18.45,29.17,49.84,24.05,42.06,57.45,44.43,47.03,53.78,62.01,66.51},
            {13.04,31.41,29.17,8.25,18.45,11.67,1000.00,29.17,13.04,18.45,21.03,39.13,24.05,33.00,47.03,41.25,42.47,47.03,53.78,57.75},
            {36.89,11.67,18.45,24.05,13.04,40.83,29.17,1000.00,36.89,39.13,24.75,18.45,42.06,24.05,26.09,47.03,44.43,41.25,41.25,42.47},
            {23.33,42.06,41.25,21.03,29.17,13.04,13.04,36.89,1000.00,5.83,18.45,41.25,11.67,31.41,48.10,31.41,34.01,41.25,50.18,55.03},
            {29.17,45.56,45.56,26.09,33.00,18.45,18.45,39.13,5.83,1000.00,17.50,40.83,5.83,29.74,47.03,26.09,29.17,37.35,47.03,52.17},
            {34.01,34.01,36.89,24.05,24.05,29.17,21.03,24.75,18.45,17.50,1000.00,23.33,18.45,13.04,29.74,24.05,23.33,26.09,33.00,37.35},
            {50.18,29.74,36.89,37.35,29.17,49.84,39.13,18.45,41.25,40.83,23.33,1000.00,41.25,13.04,8.25,37.35,33.00,26.09,23.33,24.05},
            {35.00,49.50,50.18,31.41,37.35,24.05,24.05,42.06,11.67,5.83,18.45,41.25,1000.00,29.17,46.67,21.03,24.75,34.01,44.43,49.84},
            {45.56,35.48,40.83,34.01,29.74,42.06,33.00,24.05,31.41,29.74,13.04,13.04,29.17,1000.00,17.50,24.75,21.03,17.50,21.03,24.75},
            {58.33,36.89,44.43,45.56,37.35,57.45,47.03,26.09,48.10,47.03,29.74,8.25,46.67,17.50,1000.00,39.13,34.01,24.75,18.45,17.50},
            {53.78,57.45,60.90,46.67,48.10,44.43,41.25,47.03,31.41,26.09,24.05,37.35,21.03,24.75,39.13,1000.00,5.83,17.50,29.17,35.00},
            {55.34,55.34,59.49,47.03,47.03,47.03,42.47,44.43,34.01,29.17,23.33,33.00,24.75,21.03,34.01,5.83,1000.00,11.67,23.33,29.17},
            {60.06,52.82,58.33,49.84,47.03,53.78,47.03,41.25,41.25,37.35,26.09,26.09,34.01,17.50,24.75,17.50,11.67,1000.00,11.67,17.50},
            {66.51,52.82,59.49,55.03,49.84,62.01,53.78,41.25,50.18,47.03,33.00,23.33,44.43,21.03,18.45,29.17,23.33,11.67,1000.00,5.83},
            {70.24,53.78,60.90,58.33,52.17,66.51,57.75,42.47,55.03,52.17,37.35,24.05,49.84,24.75,17.50,35.00,29.17,17.50,5.83,1000.00},
    };

    // cost of traveling using a bus between pair nodes
double busCost[][] ={{1000.00,1000.00,1000.00,1000.00,1000.00,1000.00,1.00,1000.00,1000.00,1000.00,1000.00,1000.00,1000.00,1000.00,1000.00,1000.00,1000.00,1000.00,1000.00,1000.00},
        {1000.00,1000.00,1.00,1000.00,1.00,1000.00,1000.00,1.00,1000.00,1000.00,1000.00,1000.00,1000.00,1000.00,1000.00,1000.00,1000.00,1000.00,1000.00,1000.00},
        {1000.00,1.00,1000.00,1000.00,1000.00,1000.00,1000.00,1000.00,1000.00,1000.00,1000.00,1000.00,1000.00,1000.00,1000.00,1000.00,1000.00,1000.00,1000.00,1000.00},
        {1000.00,1000.00,1000.00,1000.00,1.00,1000.00,1000.00,1.00,1000.00,1000.00,1000.00,1000.00,1000.00,1000.00,1000.00,1000.00,1000.00,1000.00,1000.00,1000.00},
        {1000.00,1.00,1000.00,1.00,1000.00,1000.00,1000.00,1000.00,1000.00,1000.00,1000.00,1000.00,1000.00,1000.00,1000.00,1000.00,1000.00,1000.00,1000.00,1000.00},
        {1000.00,1000.00,1000.00,1000.00,1000.00,1000.00,1.00,1000.00,1.00,1000.00,1000.00,1000.00,1000.00,1000.00,1000.00,1000.00,1000.00,1000.00,1000.00,1000.00},
        {1.00,1000.00,1000.00,1000.00,1000.00,1.00,1000.00,1000.00,1000.00,1000.00,1000.00,1000.00,1000.00,1000.00,1000.00,1000.00,1000.00,1000.00,1000.00,1000.00},
        {1000.00,1.00,1000.00,1.00,1000.00,1000.00,1000.00,1000.00,1000.00,1000.00,1000.00,1000.00,1000.00,1000.00,1000.00,1000.00,1000.00,1000.00,1000.00,1000.00},
        {1000.00,1000.00,1000.00,1000.00,1000.00,1.00,1000.00,1000.00,1000.00,1.00,1000.00,1000.00,1.00,1000.00,1000.00,1000.00,1000.00,1000.00,1000.00,1000.00},
        {1000.00,1000.00,1000.00,1000.00,1000.00,1000.00,1000.00,1000.00,1.00,1000.00,1000.00,1000.00,1.00,1000.00,1000.00,1000.00,1000.00,1000.00,1000.00,1000.00},
        {1000.00,1000.00,1000.00,1000.00,1000.00,1000.00,1000.00,1000.00,1000.00,1000.00,1000.00,1.00,1000.00,1000.00,1.00,1000.00,1000.00,1000.00,1000.00,1000.00},
        {1000.00,1000.00,1000.00,1000.00,1000.00,1000.00,1000.00,1000.00,1000.00,1000.00,1.00,1000.00,1000.00,1000.00,1.00,1000.00,1000.00,1000.00,1000.00,1000.00},
        {1000.00,1000.00,1000.00,1000.00,1000.00,1000.00,1000.00,1000.00,1.00,1.00,1000.00,1000.00,1000.00,1000.00,1000.00,1000.00,1000.00,1000.00,1000.00,1000.00},
        {1000.00,1000.00,1000.00,1000.00,1000.00,1000.00,1000.00,1000.00,1000.00,1000.00,1000.00,1000.00,1000.00,1000.00,1000.00,1000.00,1000.00,1.00,1.00,1000.00},
        {1000.00,1000.00,1000.00,1000.00,1000.00,1000.00,1000.00,1000.00,1000.00,1000.00,1.00,1.00,1000.00,1000.00,1000.00,1000.00,1000.00,1000.00,1000.00,1000.00},
        {1000.00,1000.00,1000.00,1000.00,1000.00,1000.00,1000.00,1000.00,1000.00,1000.00,1000.00,1000.00,1000.00,1000.00,1000.00,1000.00,1.00,1.00,1000.00,1000.00},
        {1000.00,1000.00,1000.00,1000.00,1000.00,1000.00,1000.00,1000.00,1000.00,1000.00,1000.00,1000.00,1000.00,1000.00,1000.00,1.00,1000.00,1.00,1000.00,1000.00},
        {1000.00,1000.00,1000.00,1000.00,1000.00,1000.00,1000.00,1000.00,1000.00,1000.00,1000.00,1000.00,1000.00,1.00,1000.00,1.00,1.00,1000.00,1000.00,1000.00},
        {1000.00,1000.00,1000.00,1000.00,1000.00,1000.00,1000.00,1000.00,1000.00,1000.00,1000.00,1000.00,1000.00,1.00,1000.00,1000.00,1000.00,1000.00,1000.00,1.00},
        {1000.00,1000.00,1000.00,1000.00,1000.00,1000.00,1000.00,1000.00,1000.00,1000.00,1000.00,1000.00,1000.00,1000.00,1000.00,1000.00,1000.00,1000.00,1.00,1000.00},
};

    // time it takes to travel using a taxi between pair nodes
double [][] busTime = {{1000.00,1000.00,1000.00,1000.00,1000.00,1000.00,26.09,1000.00,1000.00,1000.00,1000.00,1000.00,1000.00,1000.00,1000.00,1000.00,1000.00,1000.00,1000.00,1000.00},
        {1000.00,1000.00,16.50,1000.00,26.09,1000.00,1000.00,23.33,1000.00,1000.00,1000.00,1000.00,1000.00,1000.00,1000.00,1000.00,1000.00,1000.00,1000.00,1000.00},
        {1000.00,16.50,1000.00,1000.00,1000.00,1000.00,1000.00,1000.00,1000.00,1000.00,1000.00,1000.00,1000.00,1000.00,1000.00,1000.00,1000.00,1000.00,1000.00,1000.00},
        {1000.00,1000.00,1000.00,1000.00,23.33,1000.00,1000.00,48.10,1000.00,1000.00,1000.00,1000.00,1000.00,1000.00,1000.00,1000.00,1000.00,1000.00,1000.00,1000.00},
        {1000.00,26.09,1000.00,23.33,1000.00,1000.00,1000.00,1000.00,1000.00,1000.00,1000.00,1000.00,1000.00,1000.00,1000.00,1000.00,1000.00,1000.00,1000.00,1000.00},
        {1000.00,1000.00,1000.00,1000.00,1000.00,1000.00,23.33,1000.00,26.09,1000.00,1000.00,1000.00,1000.00,1000.00,1000.00,1000.00,1000.00,1000.00,1000.00,1000.00},
        {26.09,1000.00,1000.00,1000.00,1000.00,23.33,1000.00,1000.00,1000.00,1000.00,1000.00,1000.00,1000.00,1000.00,1000.00,1000.00,1000.00,1000.00,1000.00,1000.00},
        {1000.00,23.33,1000.00,48.10,1000.00,1000.00,1000.00,1000.00,1000.00,1000.00,1000.00,1000.00,1000.00,1000.00,1000.00,1000.00,1000.00,1000.00,1000.00,1000.00},
        {1000.00,1000.00,1000.00,1000.00,1000.00,26.09,1000.00,1000.00,1000.00,11.67,1000.00,1000.00,23.33,1000.00,1000.00,1000.00,1000.00,1000.00,1000.00,1000.00},
        {1000.00,1000.00,1000.00,1000.00,1000.00,1000.00,1000.00,1000.00,11.67,1000.00,1000.00,1000.00,11.67,1000.00,1000.00,1000.00,1000.00,1000.00,1000.00,1000.00},
        {1000.00,1000.00,1000.00,1000.00,1000.00,1000.00,1000.00,1000.00,1000.00,1000.00,1000.00,46.67,1000.00,1000.00,59.49,1000.00,1000.00,1000.00,1000.00,1000.00},
        {1000.00,1000.00,1000.00,1000.00,1000.00,1000.00,1000.00,1000.00,1000.00,1000.00,46.67,1000.00,1000.00,1000.00,16.50,1000.00,1000.00,1000.00,1000.00,1000.00},
        {1000.00,1000.00,1000.00,1000.00,1000.00,1000.00,1000.00,1000.00,23.33,11.67,1000.00,1000.00,1000.00,1000.00,1000.00,1000.00,1000.00,1000.00,1000.00,1000.00},
        {1000.00,1000.00,1000.00,1000.00,1000.00,1000.00,1000.00,1000.00,1000.00,1000.00,1000.00,1000.00,1000.00,1000.00,1000.00,1000.00,1000.00,35.00,42.06,1000.00},
        {1000.00,1000.00,1000.00,1000.00,1000.00,1000.00,1000.00,1000.00,1000.00,1000.00,59.49,16.50,1000.00,1000.00,1000.00,1000.00,1000.00,1000.00,1000.00,1000.00},
        {1000.00,1000.00,1000.00,1000.00,1000.00,1000.00,1000.00,1000.00,1000.00,1000.00,1000.00,1000.00,1000.00,1000.00,1000.00,1000.00,11.67,35.00,1000.00,1000.00},
        {1000.00,1000.00,1000.00,1000.00,1000.00,1000.00,1000.00,1000.00,1000.00,1000.00,1000.00,1000.00,1000.00,1000.00,1000.00,11.67,1000.00,23.33,1000.00,1000.00},
        {1000.00,1000.00,1000.00,1000.00,1000.00,1000.00,1000.00,1000.00,1000.00,1000.00,1000.00,1000.00,1000.00,35.00,1000.00,35.00,23.33,1000.00,1000.00,1000.00},
        {1000.00,1000.00,1000.00,1000.00,1000.00,1000.00,1000.00,1000.00,1000.00,1000.00,1000.00,1000.00,1000.00,42.06,1000.00,1000.00,1000.00,1000.00,1000.00,11.67},
        {1000.00,1000.00,1000.00,1000.00,1000.00,1000.00,1000.00,1000.00,1000.00,1000.00,1000.00,1000.00,1000.00,1000.00,1000.00,1000.00,1000.00,1000.00,11.67,1000.00},
} ;



}
