public class C {
    public class B {

        //This problem consisted of 20 nodes

        // Time window violation costs:
        int[] penalties = {40,5,5,6,8,7,9,9,9,6,5,7,7,9,6,6,6,7,6,9};
        //Time window settings used
        int[] easyEarly = {0, 0, 0, 0, 0, 0, 0, 0, 0, 0, 0, 0, 0, 0, 0, 0, 0, 0, 0, 0};
        int[] easyLate = {480, 480, 480, 480, 480, 480, 480, 480, 480, 480, 480, 480, 480, 480, 480, 480, 480, 480, 480, 480};

        int[] mediumEarly = {0,0,0,0,0,300,300,300,0,0,0,0,0,0,0,300,300,0,0,0};
        int[] mediumLate = {480,180,180,180,180,480,480,480,180,180,180,180,180,180,180,480,480,180,180,180};

        int[] hardEarly = {0,0,300,0,300,60,360,0,300,300,0,60,360,0,0,300,0,300,0,60};
        int[] hardLate = {480,120,420,120,420,180,480,120,420,420,120,180,480,120,120,420,120,420,120,180};



// cost of traveling using a taxi between pair nodes

        double [][] taxiCost = {{1000.00,9.06,8.07,2.41,9.25,3.83,3.24,9.54,6.83,4.16,7.40,5.12,8.81,7.32,7.00,12.31,10.43,11.30,10.06,10.00},
                {9.06,1000.00,2.00,10.00,2.00,7.08,8.07,3.00,4.61,10.22,5.24,8.62,5.47,8.81,10.43,8.00,8.62,9.54,11.63,12.31},
                {8.07,2.00,1000.00,9.00,2.41,6.10,7.08,3.24,3.83,9.25,4.61,7.71,5.12,8.07,9.60,8.07,8.28,9.25,11.00,11.63},
                {2.41,10.00,9.00,1000.00,10.06,4.16,3.24,10.22,7.32,3.00,7.71,4.61,9.06,6.83,6.10,12.40,10.22,11.00,9.25,9.06},
                {9.25,2.00,2.41,10.06,1000.00,7.00,8.00,2.00,4.16,10.06,4.61,8.28,4.61,8.21,9.94,7.00,7.71,8.62,10.90,11.63},
                {3.83,7.08,6.10,4.16,7.00,1000.00,2.00,7.08,4.16,4.16,4.61,3.24,6.00,5.00,5.47,9.49,7.71,8.62,8.07,8.28},
                {3.24,8.07,7.08,3.24,8.00,2.00,1000.00,8.07,5.12,3.24,5.47,3.00,6.83,5.12,5.12,10.22,8.21,9.06,8.00,8.07},
                {9.54,3.00,3.24,10.22,2.00,7.08,8.07,1000.00,4.00,10.00,4.16,8.07,3.83,7.71,9.54,6.00,6.83,7.71,10.22,11.00},
                {6.83,4.61,3.83,7.32,4.16,4.16,5.12,4.00,1000.00,7.00,2.00,5.12,3.24,5.24,6.83,6.83,6.00,7.00,8.21,8.81},
                {4.16,10.22,9.25,3.00,10.06,4.16,3.24,10.00,7.00,1000.00,7.08,3.24,8.28,5.24,4.16,11.30,8.81,9.49,7.32,7.08},
                {7.40,5.24,4.61,7.71,4.61,4.61,5.47,4.16,2.00,7.08,1000.00,5.00,2.41,4.61,6.39,6.00,5.00,6.00,7.40,8.07},
                {5.12,8.62,7.71,4.61,8.28,3.24,3.00,8.07,5.12,3.24,5.00,1000.00,6.10,3.24,3.24,9.06,6.66,7.40,6.00,6.10},
                {8.81,5.47,5.12,9.06,4.61,6.00,6.83,3.83,3.24,8.28,2.41,6.10,1000.00,5.12,7.08,4.61,4.16,5.12,7.40,8.21},
                {7.32,8.81,8.07,6.83,8.21,5.00,5.12,7.71,5.24,5.24,4.61,3.24,5.12,1000.00,3.00,7.32,4.61,5.24,4.16,4.61},
                {7.00,10.43,9.60,6.10,9.94,5.47,5.12,9.54,6.83,4.16,6.39,3.24,7.08,3.00,1000.00,9.25,6.39,6.83,4.16,4.00},
                {12.31,8.00,8.07,12.40,7.00,9.49,10.22,6.00,6.83,11.30,6.00,9.06,4.61,7.32,9.25,1000.00,4.00,4.16,8.07,9.06},
                {10.43,8.62,8.28,10.22,7.71,7.71,8.21,6.83,6.00,8.81,5.00,6.66,4.16,4.61,6.39,4.00,1000.00,2.00,5.12,6.10},
                {11.30,9.54,9.25,11.00,8.62,8.62,9.06,7.71,7.00,9.49,6.00,7.40,5.12,5.24,6.83,4.16,2.00,1000.00,5.00,6.00},
                {10.06,11.63,11.00,9.25,10.90,8.07,8.00,10.22,8.21,7.32,7.40,6.00,7.40,4.16,4.16,8.07,5.12,5.00,1000.00,2.00},
                {10.00,12.31,11.63,9.06,11.63,8.28,8.07,11.00,8.81,7.08,8.07,6.10,8.21,4.61,4.00,9.06,6.10,6.00,2.00,1000.00},
        } ;




        // time it takes to travel using a taxi between pair nodes
        double [][] taxiTime = {{1000.00,47.03,41.25,8.25,48.10,16.50,13.04,49.84,34.01,18.45,37.35,24.05,45.56,36.89,35.00,66.00,55.03,60.06,52.82,52.50},
                {47.03,1000.00,5.83,52.50,5.83,35.48,41.25,11.67,21.03,53.78,24.75,44.43,26.09,45.56,55.03,40.83,44.43,49.84,62.01,66.00},
                {41.25,5.83,1000.00,46.67,8.25,29.74,35.48,13.04,16.50,48.10,21.03,39.13,24.05,41.25,50.18,41.25,42.47,48.10,58.33,62.01},
                {8.25,52.50,46.67,1000.00,52.82,18.45,13.04,53.78,36.89,11.67,39.13,21.03,47.03,34.01,29.74,66.51,53.78,58.33,48.10,47.03},
                {48.10,5.83,8.25,52.82,1000.00,35.00,40.83,5.83,18.45,52.82,21.03,42.47,21.03,42.06,52.17,35.00,39.13,44.43,57.75,62.01},
                {16.50,35.48,29.74,18.45,35.00,1000.00,5.83,35.48,18.45,18.45,21.03,13.04,29.17,23.33,26.09,49.50,39.13,44.43,41.25,42.47},
                {13.04,41.25,35.48,13.04,40.83,5.83,1000.00,41.25,24.05,13.04,26.09,11.67,34.01,24.05,24.05,53.78,42.06,47.03,40.83,41.25},
                {49.84,11.67,13.04,53.78,5.83,35.48,41.25,1000.00,17.50,52.50,18.45,41.25,16.50,39.13,49.84,29.17,34.01,39.13,53.78,58.33},
                {34.01,21.03,16.50,36.89,18.45,18.45,24.05,17.50,1000.00,35.00,5.83,24.05,13.04,24.75,34.01,34.01,29.17,35.00,42.06,45.56},
                {18.45,53.78,48.10,11.67,52.82,18.45,13.04,52.50,35.00,1000.00,35.48,13.04,42.47,24.75,18.45,60.06,45.56,49.50,36.89,35.48},
                {37.35,24.75,21.03,39.13,21.03,21.03,26.09,18.45,5.83,35.48,1000.00,23.33,8.25,21.03,31.41,29.17,23.33,29.17,37.35,41.25},
                {24.05,44.43,39.13,21.03,42.47,13.04,11.67,41.25,24.05,13.04,23.33,1000.00,29.74,13.04,13.04,47.03,33.00,37.35,29.17,29.74},
                {45.56,26.09,24.05,47.03,21.03,29.17,34.01,16.50,13.04,42.47,8.25,29.74,1000.00,24.05,35.48,21.03,18.45,24.05,37.35,42.06},
                {36.89,45.56,41.25,34.01,42.06,23.33,24.05,39.13,24.75,24.75,21.03,13.04,24.05,1000.00,11.67,36.89,21.03,24.75,18.45,21.03},
                {35.00,55.03,50.18,29.74,52.17,26.09,24.05,49.84,34.01,18.45,31.41,13.04,35.48,11.67,1000.00,48.10,31.41,34.01,18.45,17.50},
                {66.00,40.83,41.25,66.51,35.00,49.50,53.78,29.17,34.01,60.06,29.17,47.03,21.03,36.89,48.10,1000.00,17.50,18.45,41.25,47.03},
                {55.03,44.43,42.47,53.78,39.13,39.13,42.06,34.01,29.17,45.56,23.33,33.00,18.45,21.03,31.41,17.50,1000.00,5.83,24.05,29.74},
                {60.06,49.84,48.10,58.33,44.43,44.43,47.03,39.13,35.00,49.50,29.17,37.35,24.05,24.75,34.01,18.45,5.83,1000.00,23.33,29.17},
                {52.82,62.01,58.33,48.10,57.75,41.25,40.83,53.78,42.06,36.89,37.35,29.17,37.35,18.45,18.45,41.25,24.05,23.33,1000.00,5.83},
                {52.50,66.00,62.01,47.03,62.01,42.47,41.25,58.33,45.56,35.48,41.25,29.74,42.06,21.03,17.50,47.03,29.74,29.17,5.83,1000.00},
        } ;



        // cost of traveling using a bus between pair nodes
        double busCost[][] ={{1000.00,1000.00,1000.00,1.00,1000.00,1000.00,1000.00,1000.00,1000.00,1.00,1000.00,1000.00,1000.00,1000.00,1000.00,1000.00,1000.00,1000.00,1000.00,1000.00},
                {1000.00,1000.00,1.00,1000.00,1.00,1000.00,1000.00,1.00,1000.00,1000.00,1000.00,1000.00,1000.00,1000.00,1000.00,1000.00,1000.00,1000.00,1000.00,1000.00},
                {1000.00,1.00,1000.00,1000.00,1.00,1000.00,1000.00,1.00,1000.00,1000.00,1000.00,1000.00,1000.00,1000.00,1000.00,1000.00,1000.00,1000.00,1000.00,1000.00},
                {1.00,1000.00,1000.00,1000.00,1000.00,1000.00,1000.00,1000.00,1000.00,1.00,1000.00,1000.00,1000.00,1000.00,1000.00,1000.00,1000.00,1000.00,1000.00,1000.00},
                {1000.00,1.00,1.00,1000.00,1000.00,1000.00,1000.00,1.00,1000.00,1000.00,1000.00,1000.00,1000.00,1000.00,1000.00,1000.00,1000.00,1000.00,1000.00,1000.00},
                {1000.00,1000.00,1000.00,1000.00,1000.00,1000.00,1000.00,1000.00,1000.00,1000.00,1000.00,1000.00,1000.00,1000.00,1000.00,1000.00,1000.00,1000.00,1000.00,1000.00},
                {1000.00,1000.00,1000.00,1000.00,1000.00,1000.00,1000.00,1000.00,1000.00,1000.00,1000.00,1.00,1000.00,1000.00,1000.00,1000.00,1000.00,1000.00,1000.00,1000.00},
                {1000.00,1.00,1.00,1000.00,1.00,1000.00,1000.00,1000.00,1000.00,1000.00,1000.00,1000.00,1000.00,1000.00,1000.00,1000.00,1000.00,1000.00,1000.00,1000.00},
                {1000.00,1000.00,1000.00,1000.00,1000.00,1000.00,1000.00,1000.00,1000.00,1000.00,1.00,1000.00,1.00,1000.00,1000.00,1000.00,1000.00,1000.00,1000.00,1000.00},
                {1.00,1000.00,1000.00,1.00,1000.00,1000.00,1000.00,1000.00,1000.00,1000.00,1000.00,1000.00,1000.00,1000.00,1000.00,1000.00,1000.00,1000.00,1000.00,1000.00},
                {1000.00,1000.00,1000.00,1000.00,1000.00,1000.00,1000.00,1000.00,1.00,1000.00,1000.00,1000.00,1.00,1000.00,1000.00,1000.00,1000.00,1000.00,1000.00,1000.00},
                {1000.00,1000.00,1000.00,1000.00,1000.00,1000.00,1.00,1000.00,1000.00,1000.00,1000.00,1000.00,1000.00,1000.00,1000.00,1000.00,1000.00,1000.00,1000.00,1000.00},
                {1000.00,1000.00,1000.00,1000.00,1000.00,1000.00,1000.00,1000.00,1.00,1000.00,1.00,1000.00,1000.00,1000.00,1000.00,1000.00,1000.00,1000.00,1000.00,1000.00},
                {1000.00,1000.00,1000.00,1000.00,1000.00,1000.00,1000.00,1000.00,1000.00,1000.00,1000.00,1000.00,1000.00,1000.00,1.00,1000.00,1000.00,1000.00,1000.00,1000.00},
                {1000.00,1000.00,1000.00,1000.00,1000.00,1000.00,1000.00,1000.00,1000.00,1000.00,1000.00,1000.00,1000.00,1.00,1000.00,1000.00,1000.00,1000.00,1000.00,1000.00},
                {1000.00,1000.00,1000.00,1000.00,1000.00,1000.00,1000.00,1000.00,1000.00,1000.00,1000.00,1000.00,1000.00,1000.00,1000.00,1000.00,1.00,1000.00,1000.00,1000.00},
                {1000.00,1000.00,1000.00,1000.00,1000.00,1000.00,1000.00,1000.00,1000.00,1000.00,1000.00,1000.00,1000.00,1000.00,1000.00,1.00,1000.00,1.00,1000.00,1000.00},
                {1000.00,1000.00,1000.00,1000.00,1000.00,1000.00,1000.00,1000.00,1000.00,1000.00,1000.00,1000.00,1000.00,1000.00,1000.00,1000.00,1.00,1000.00,1.00,1.00},
                {1000.00,1000.00,1000.00,1000.00,1000.00,1000.00,1000.00,1000.00,1000.00,1000.00,1000.00,1000.00,1000.00,1000.00,1000.00,1000.00,1000.00,1.00,1000.00,1.00},
                {1000.00,1000.00,1000.00,1000.00,1000.00,1000.00,1000.00,1000.00,1000.00,1000.00,1000.00,1000.00,1000.00,1000.00,1000.00,1000.00,1000.00,1.00,1.00,1000.00},
        } ;







        // time it takes to travel using a taxi between pair nodes
        double [][] busTime = {{1000.00,1000.00,1000.00,16.50,1000.00,1000.00,1000.00,1000.00,1000.00,36.89,1000.00,1000.00,1000.00,1000.00,1000.00,1000.00,1000.00,1000.00,1000.00,1000.00},
                {1000.00,1000.00,11.67,1000.00,11.67,1000.00,1000.00,23.33,1000.00,1000.00,1000.00,1000.00,1000.00,1000.00,1000.00,1000.00,1000.00,1000.00,1000.00,1000.00},
                {1000.00,11.67,1000.00,1000.00,16.50,1000.00,1000.00,26.09,1000.00,1000.00,1000.00,1000.00,1000.00,1000.00,1000.00,1000.00,1000.00,1000.00,1000.00,1000.00},
                {16.50,1000.00,1000.00,1000.00,1000.00,1000.00,1000.00,1000.00,1000.00,23.33,1000.00,1000.00,1000.00,1000.00,1000.00,1000.00,1000.00,1000.00,1000.00,1000.00},
                {1000.00,11.67,16.50,1000.00,1000.00,1000.00,1000.00,11.67,1000.00,1000.00,1000.00,1000.00,1000.00,1000.00,1000.00,1000.00,1000.00,1000.00,1000.00,1000.00},
                {1000.00,1000.00,1000.00,1000.00,1000.00,1000.00,1000.00,1000.00,1000.00,1000.00,1000.00,1000.00,1000.00,1000.00,1000.00,1000.00,1000.00,1000.00,1000.00,1000.00},
                {1000.00,1000.00,1000.00,1000.00,1000.00,1000.00,1000.00,1000.00,1000.00,1000.00,1000.00,23.33,1000.00,1000.00,1000.00,1000.00,1000.00,1000.00,1000.00,1000.00},
                {1000.00,23.33,26.09,1000.00,11.67,1000.00,1000.00,1000.00,1000.00,1000.00,1000.00,1000.00,1000.00,1000.00,1000.00,1000.00,1000.00,1000.00,1000.00,1000.00},
                {1000.00,1000.00,1000.00,1000.00,1000.00,1000.00,1000.00,1000.00,1000.00,1000.00,11.67,1000.00,26.09,1000.00,1000.00,1000.00,1000.00,1000.00,1000.00,1000.00},
                {36.89,1000.00,1000.00,23.33,1000.00,1000.00,1000.00,1000.00,1000.00,1000.00,1000.00,1000.00,1000.00,1000.00,1000.00,1000.00,1000.00,1000.00,1000.00,1000.00},
                {1000.00,1000.00,1000.00,1000.00,1000.00,1000.00,1000.00,1000.00,11.67,1000.00,1000.00,1000.00,16.50,1000.00,1000.00,1000.00,1000.00,1000.00,1000.00,1000.00},
                {1000.00,1000.00,1000.00,1000.00,1000.00,1000.00,23.33,1000.00,1000.00,1000.00,1000.00,1000.00,1000.00,1000.00,1000.00,1000.00,1000.00,1000.00,1000.00,1000.00},
                {1000.00,1000.00,1000.00,1000.00,1000.00,1000.00,1000.00,1000.00,26.09,1000.00,16.50,1000.00,1000.00,1000.00,1000.00,1000.00,1000.00,1000.00,1000.00,1000.00},
                {1000.00,1000.00,1000.00,1000.00,1000.00,1000.00,1000.00,1000.00,1000.00,1000.00,1000.00,1000.00,1000.00,1000.00,23.33,1000.00,1000.00,1000.00,1000.00,1000.00},
                {1000.00,1000.00,1000.00,1000.00,1000.00,1000.00,1000.00,1000.00,1000.00,1000.00,1000.00,1000.00,1000.00,23.33,1000.00,1000.00,1000.00,1000.00,1000.00,1000.00},
                {1000.00,1000.00,1000.00,1000.00,1000.00,1000.00,1000.00,1000.00,1000.00,1000.00,1000.00,1000.00,1000.00,1000.00,1000.00,1000.00,35.00,1000.00,1000.00,1000.00},
                {1000.00,1000.00,1000.00,1000.00,1000.00,1000.00,1000.00,1000.00,1000.00,1000.00,1000.00,1000.00,1000.00,1000.00,1000.00,35.00,1000.00,11.67,1000.00,1000.00},
                {1000.00,1000.00,1000.00,1000.00,1000.00,1000.00,1000.00,1000.00,1000.00,1000.00,1000.00,1000.00,1000.00,1000.00,1000.00,1000.00,11.67,1000.00,46.67,58.33},
                {1000.00,1000.00,1000.00,1000.00,1000.00,1000.00,1000.00,1000.00,1000.00,1000.00,1000.00,1000.00,1000.00,1000.00,1000.00,1000.00,1000.00,46.67,1000.00,11.67},
                {1000.00,1000.00,1000.00,1000.00,1000.00,1000.00,1000.00,1000.00,1000.00,1000.00,1000.00,1000.00,1000.00,1000.00,1000.00,1000.00,1000.00,58.33,11.67,1000.00},
        } ;

    }

}
