public class E {


        //This problem consisted of 20 nodes

        // Time window violation costs:
        int[] penalties = {40,7,9,9,6,5,9,6,7,6,6,8,7,5,8,5,8,5,7,7};
        //Time window settings used
        int[] easyEarly = {0, 0, 0, 0, 0, 0, 0, 0, 0, 0, 0, 0, 0, 0, 0, 0, 0, 0, 0, 0};
        int[] easyLate = {480, 480, 480, 480, 480, 480, 480, 480, 480, 480, 480, 480, 480, 480, 480, 480, 480, 480, 480, 480};

        int[] mediumEarly = {0,0,0,0,0,300,300,0,300,0,300,0,300,300,0,300,0,300,0,300};
        int[] mediumLate = {480,180,180,180,180,480,480,180,480,180,480,180,480,480,180,480,180,480,180,480};

        int[] hardEarly = {0,360,0,360,60,0,360,0,60,360,60,300,360,360,60,60,0,300,0,300};
        int[] hardLate = {480,480,120,480,180,120,480,120,180,480,180,420,480,480,180,180,120,420,120,420};


// cost of traveling using a taxi between pair nodes

        double[][] taxiCost = {{1000.00,5.00,4.16,6.10,5.24,6.00,5.12,6.39,6.10,6.39,6.83,7.40,7.71,7.08,7.32,9.25,9.06,9.00,11.00,10.85},
                {5.00,1000.00,2.41,2.41,8.62,4.00,6.00,8.81,8.07,6.39,6.10,6.00,10.22,7.71,7.32,11.00,10.43,9.94,9.25,10.00},
                {4.16,2.41,1000.00,3.00,7.32,3.24,4.61,7.40,6.66,5.12,5.00,5.12,8.81,6.39,6.10,9.60,9.06,8.62,8.62,9.06},
                {6.10,2.41,3.00,1000.00,9.25,3.24,6.00,9.06,8.21,6.00,5.47,5.12,10.43,7.40,6.83,10.90,10.22,9.60,8.07,9.06},
                {5.24,8.62,7.32,9.25,1000.00,8.00,5.12,3.24,3.83,6.39,7.32,8.28,4.00,6.00,6.83,6.10,6.39,6.83,11.30,10.22},
                {6.00,4.00,3.24,3.24,8.00,1000.00,4.16,7.32,6.39,3.83,3.24,3.00,8.62,5.24,4.61,8.81,8.07,7.40,6.39,7.00},
                {5.12,6.00,4.61,6.00,5.12,4.16,1000.00,4.16,3.24,2.41,3.24,4.16,5.47,3.00,3.24,6.00,5.47,5.12,7.40,6.83},
                {6.39,8.81,7.40,9.06,3.24,7.32,4.16,1000.00,2.00,5.00,6.00,7.00,2.41,4.16,5.12,4.00,4.16,4.61,9.54,8.21},
                {6.10,8.07,6.66,8.21,3.83,6.39,3.24,2.00,1000.00,4.00,5.00,6.00,3.24,3.24,4.16,4.16,4.00,4.16,8.62,7.40},
                {6.39,6.39,5.12,6.00,6.39,3.83,2.41,5.00,4.00,1000.00,2.00,3.00,6.10,2.41,2.00,6.00,5.24,4.61,6.00,5.47},
                {6.83,6.10,5.00,5.47,7.32,3.24,3.24,6.00,5.00,2.00,1000.00,2.00,7.08,3.24,2.41,6.83,6.00,5.24,5.24,5.12},
                {7.40,6.00,5.12,5.12,8.28,3.00,4.16,7.00,6.00,3.00,2.00,1000.00,8.07,4.16,3.24,7.71,6.83,6.00,4.61,5.00},
                {7.71,10.22,8.81,10.43,4.00,8.62,5.47,2.41,3.24,6.10,7.08,8.07,1000.00,5.00,6.00,3.24,3.83,4.61,10.22,8.62},
                {7.08,7.71,6.39,7.40,6.00,5.24,3.00,4.16,3.24,2.41,3.24,4.16,5.00,1000.00,2.00,4.61,3.83,3.24,6.39,5.24},
                {7.32,7.32,6.10,6.83,6.83,4.61,3.24,5.12,4.16,2.00,2.41,3.24,6.00,2.00,1000.00,5.47,4.61,3.83,5.47,4.61},
                {9.25,11.00,9.60,10.90,6.10,8.81,6.00,4.00,4.16,6.00,6.83,7.71,3.24,4.61,5.47,1000.00,2.00,3.00,9.00,7.08},
                {9.06,10.43,9.06,10.22,6.39,8.07,5.47,4.16,4.00,5.24,6.00,6.83,3.83,3.83,4.61,2.00,1000.00,2.00,8.00,6.10},
                {9.00,9.94,8.62,9.60,6.83,7.40,5.12,4.61,4.16,4.61,5.24,6.00,4.61,3.24,3.83,3.00,2.00,1000.00,7.00,5.12},
                {11.00,9.25,8.62,8.07,11.30,6.39,7.40,9.54,8.62,6.00,5.24,4.61,10.22,6.39,5.47,9.00,8.00,7.00,1000.00,3.24},
                {10.85,10.00,9.06,9.06,10.22,7.00,6.83,8.21,7.40,5.47,5.12,5.00,8.62,5.24,4.61,7.08,6.10,5.12,3.24,1000.00},
        } ;



    // time it takes to travel using a taxi between pair nodes
        double[][] taxiTime = {{1000.00,23.33,18.45,29.74,24.75,29.17,24.05,31.41,29.74,31.41,34.01,37.35,39.13,35.48,36.89,48.10,47.03,46.67,58.33,57.45},
            {23.33,1000.00,8.25,8.25,44.43,17.50,29.17,45.56,41.25,31.41,29.74,29.17,53.78,39.13,36.89,58.33,55.03,52.17,48.10,52.50},
            {18.45,8.25,1000.00,11.67,36.89,13.04,21.03,37.35,33.00,24.05,23.33,24.05,45.56,31.41,29.74,50.18,47.03,44.43,44.43,47.03},
            {29.74,8.25,11.67,1000.00,48.10,13.04,29.17,47.03,42.06,29.17,26.09,24.05,55.03,37.35,34.01,57.75,53.78,50.18,41.25,47.03},
            {24.75,44.43,36.89,48.10,1000.00,40.83,24.05,13.04,16.50,31.41,36.89,42.47,17.50,29.17,34.01,29.74,31.41,34.01,60.06,53.78},
            {29.17,17.50,13.04,13.04,40.83,1000.00,18.45,36.89,31.41,16.50,13.04,11.67,44.43,24.75,21.03,45.56,41.25,37.35,31.41,35.00},
            {24.05,29.17,21.03,29.17,24.05,18.45,1000.00,18.45,13.04,8.25,13.04,18.45,26.09,11.67,13.04,29.17,26.09,24.05,37.35,34.01},
            {31.41,45.56,37.35,47.03,13.04,36.89,18.45,1000.00,5.83,23.33,29.17,35.00,8.25,18.45,24.05,17.50,18.45,21.03,49.84,42.06},
            {29.74,41.25,33.00,42.06,16.50,31.41,13.04,5.83,1000.00,17.50,23.33,29.17,13.04,13.04,18.45,18.45,17.50,18.45,44.43,37.35},
            {31.41,31.41,24.05,29.17,31.41,16.50,8.25,23.33,17.50,1000.00,5.83,11.67,29.74,8.25,5.83,29.17,24.75,21.03,29.17,26.09},
            {34.01,29.74,23.33,26.09,36.89,13.04,13.04,29.17,23.33,5.83,1000.00,5.83,35.48,13.04,8.25,34.01,29.17,24.75,24.75,24.05},
            {37.35,29.17,24.05,24.05,42.47,11.67,18.45,35.00,29.17,11.67,5.83,1000.00,41.25,18.45,13.04,39.13,34.01,29.17,21.03,23.33},
            {39.13,53.78,45.56,55.03,17.50,44.43,26.09,8.25,13.04,29.74,35.48,41.25,1000.00,23.33,29.17,13.04,16.50,21.03,53.78,44.43},
            {35.48,39.13,31.41,37.35,29.17,24.75,11.67,18.45,13.04,8.25,13.04,18.45,23.33,1000.00,5.83,21.03,16.50,13.04,31.41,24.75},
            {36.89,36.89,29.74,34.01,34.01,21.03,13.04,24.05,18.45,5.83,8.25,13.04,29.17,5.83,1000.00,26.09,21.03,16.50,26.09,21.03},
            {48.10,58.33,50.18,57.75,29.74,45.56,29.17,17.50,18.45,29.17,34.01,39.13,13.04,21.03,26.09,1000.00,5.83,11.67,46.67,35.48},
            {47.03,55.03,47.03,53.78,31.41,41.25,26.09,18.45,17.50,24.75,29.17,34.01,16.50,16.50,21.03,5.83,1000.00,5.83,40.83,29.74},
            {46.67,52.17,44.43,50.18,34.01,37.35,24.05,21.03,18.45,21.03,24.75,29.17,21.03,13.04,16.50,11.67,5.83,1000.00,35.00,24.05},
            {58.33,48.10,44.43,41.25,60.06,31.41,37.35,49.84,44.43,29.17,24.75,21.03,53.78,31.41,26.09,46.67,40.83,35.00,1000.00,13.04},
            {57.45,52.50,47.03,47.03,53.78,35.00,34.01,42.06,37.35,26.09,24.05,23.33,44.43,24.75,21.03,35.48,29.74,24.05,13.04,1000.00},
    } ;




    // cost of traveling using a bus between pair nodes
        double busCost[][] = {{1000,1000,1000,1000,1000,1000,1.00001,1000,1000,1000,1000,1000,1000,1.00001,1000,1000,1000,1.00001,1000,1000},
            {1000,1000,1000,1000,1000,1.00001,1000,1000,1000,1000,1000,1.00001,1000,1000,1000,1000,1000,1000,1000,1.00001},
            {1000,1000,1000,1000,1000,1000,1000,1000,1000,1.00001,1.00001,1000,1000,1000,1.00001,1000,1000,1000,1000,1000},
            {1000,1000,1000,1000,1000,1000,1000,1000,1000,1000,1000,1000,1000,1000,1000,1000,1000,1000,1000,1000},
            {1000,1000,1000,1000,1000,1000,1000,1000,1000,1000,1000,1000,1000,1000,1000,1000,1000,1000,1000,1000},
            {1000,1.00001,1000,1000,1000,1000,1000,1000,1000,1000,1000,1.00001,1000,1000,1000,1000,1000,1000,1000,1.00001},
            {1.00001,1000,1000,1000,1000,1000,1000,1000,1000,1000,1000,1000,1000,1.00001,1000,1000,1000,1.00001,1000,1000},
            {1000,1000,1000,1000,1000,1000,1000,1000,1000,1000,1000,1000,1000,1000,1000,1000,1000,1000,1000,1000},
            {1000,1000,1000,1000,1000,1000,1000,1000,1000,1000,1000,1000,1000,1000,1000,1000,1.00001,1000,1000,1000},
            {1000,1000,1.00001,1000,1000,1000,1000,1000,1000,1000,1.00001,1000,1000,1000,1.00001,1000,1000,1000,1000,1000},
            {1000,1000,1.00001,1000,1000,1000,1000,1000,1000,1.00001,1000,1000,1000,1000,1.00001,1000,1000,1000,1000,1000},
            {1000,1.00001,1000,1000,1000,1.00001,1000,1000,1000,1000,1000,1000,1000,1000,1000,1000,1000,1000,1000,1.00001},
            {1000,1000,1000,1000,1000,1000,1000,1000,1000,1000,1000,1000,1000,1000,1000,1000,1000,1000,1000,1000},
            {1.00001,1000,1000,1000,1000,1000,1.00001,1000,1000,1000,1000,1000,1000,1000,1000,1000,1000,1.00001,1000,1000},
            {1000,1000,1.00001,1000,1000,1000,1000,1000,1000,1.00001,1.00001,1000,1000,1000,1000,1000,1000,1000,1000,1000},
            {1000,1000,1000,1000,1000,1000,1000,1000,1000,1000,1000,1000,1000,1000,1000,1000,1000,1000,1000,1000},
            {1000,1000,1000,1000,1000,1000,1000,1000,1.00001,1000,1000,1000,1000,1000,1000,1000,1000,1000,1000,1000},
            {1.00001,1000,1000,1000,1000,1000,1.00001,1000,1000,1000,1000,1000,1000,1.00001,1000,1000,1000,1000,1000,1000},
            {1000,1000,1000,1000,1000,1000,1000,1000,1000,1000,1000,1000,1000,1000,1000,1000,1000,1000,1000,1000},
            {1000,1.00001,1000,1000,1000,1.00001,1000,1000,1000,1000,1000,1.00001,1000,1000,1000,1000,1000,1000,1000,1000},
    } ;




    // time it takes to travel using a taxi between pair nodes
        double[][] busTime = {{1000.00,1000.00,1000.00,1000.00,1000.00,1000.00,48.10,1000.00,1000.00,1000.00,1000.00,1000.00,1000.00,70.97,1000.00,1000.00,1000.00,93.33,1000.00,1000.00},
            {1000.00,1000.00,1000.00,1000.00,1000.00,35.00,1000.00,1000.00,1000.00,1000.00,1000.00,58.33,1000.00,1000.00,1000.00,1000.00,1000.00,1000.00,1000.00,105.00},
            {1000.00,1000.00,1000.00,1000.00,1000.00,1000.00,1000.00,1000.00,1000.00,48.10,46.67,1000.00,1000.00,1000.00,59.49,1000.00,1000.00,1000.00,1000.00,1000.00},
            {1000.00,1000.00,1000.00,1000.00,1000.00,1000.00,1000.00,1000.00,1000.00,1000.00,1000.00,1000.00,1000.00,1000.00,1000.00,1000.00,1000.00,1000.00,1000.00,1000.00},
            {1000.00,1000.00,1000.00,1000.00,1000.00,1000.00,1000.00,1000.00,1000.00,1000.00,1000.00,1000.00,1000.00,1000.00,1000.00,1000.00,1000.00,1000.00,1000.00,1000.00},
            {1000.00,35.00,1000.00,1000.00,1000.00,1000.00,1000.00,1000.00,1000.00,1000.00,1000.00,23.33,1000.00,1000.00,1000.00,1000.00,1000.00,1000.00,1000.00,70.00},
            {48.10,1000.00,1000.00,1000.00,1000.00,1000.00,1000.00,1000.00,1000.00,1000.00,1000.00,1000.00,1000.00,23.33,1000.00,1000.00,1000.00,48.10,1000.00,1000.00},
            {1000.00,1000.00,1000.00,1000.00,1000.00,1000.00,1000.00,1000.00,1000.00,1000.00,1000.00,1000.00,1000.00,1000.00,1000.00,1000.00,1000.00,1000.00,1000.00,1000.00},
            {1000.00,1000.00,1000.00,1000.00,1000.00,1000.00,1000.00,1000.00,1000.00,1000.00,1000.00,1000.00,1000.00,1000.00,1000.00,1000.00,35.00,1000.00,1000.00,1000.00},
            {1000.00,1000.00,48.10,1000.00,1000.00,1000.00,1000.00,1000.00,1000.00,1000.00,11.67,1000.00,1000.00,1000.00,11.67,1000.00,1000.00,1000.00,1000.00,1000.00},
            {1000.00,1000.00,46.67,1000.00,1000.00,1000.00,1000.00,1000.00,1000.00,11.67,1000.00,1000.00,1000.00,1000.00,16.50,1000.00,1000.00,1000.00,1000.00,1000.00},
            {1000.00,58.33,1000.00,1000.00,1000.00,23.33,1000.00,1000.00,1000.00,1000.00,1000.00,1000.00,1000.00,1000.00,1000.00,1000.00,1000.00,1000.00,1000.00,46.67},
            {1000.00,1000.00,1000.00,1000.00,1000.00,1000.00,1000.00,1000.00,1000.00,1000.00,1000.00,1000.00,1000.00,1000.00,1000.00,1000.00,1000.00,1000.00,1000.00,1000.00},
            {70.97,1000.00,1000.00,1000.00,1000.00,1000.00,23.33,1000.00,1000.00,1000.00,1000.00,1000.00,1000.00,1000.00,1000.00,1000.00,1000.00,26.09,1000.00,1000.00},
            {1000.00,1000.00,59.49,1000.00,1000.00,1000.00,1000.00,1000.00,1000.00,11.67,16.50,1000.00,1000.00,1000.00,1000.00,1000.00,1000.00,1000.00,1000.00,1000.00},
            {1000.00,1000.00,1000.00,1000.00,1000.00,1000.00,1000.00,1000.00,1000.00,1000.00,1000.00,1000.00,1000.00,1000.00,1000.00,1000.00,1000.00,1000.00,1000.00,1000.00},
            {1000.00,1000.00,1000.00,1000.00,1000.00,1000.00,1000.00,1000.00,35.00,1000.00,1000.00,1000.00,1000.00,1000.00,1000.00,1000.00,1000.00,1000.00,1000.00,1000.00},
            {93.33,1000.00,1000.00,1000.00,1000.00,1000.00,48.10,1000.00,1000.00,1000.00,1000.00,1000.00,1000.00,26.09,1000.00,1000.00,1000.00,1000.00,1000.00,1000.00},
            {1000.00,1000.00,1000.00,1000.00,1000.00,1000.00,1000.00,1000.00,1000.00,1000.00,1000.00,1000.00,1000.00,1000.00,1000.00,1000.00,1000.00,1000.00,1000.00,1000.00},
            {1000.00,105.00,1000.00,1000.00,1000.00,70.00,1000.00,1000.00,1000.00,1000.00,1000.00,46.67,1000.00,1000.00,1000.00,1000.00,1000.00,1000.00,1000.00,1000.00},
    } ;



}
