public class F {


    //This problem consisted of 20 nodes

    // Time window violation costs:
    int[] penalties = {40,6,6,8,6,8,7,9,5,6,8,8,7,6,9,9,8,5,6,8};
    //Time window settings used
    int[] easyEarly = {0, 0, 0, 0, 0, 0, 0, 0, 0, 0, 0, 0, 0, 0, 0, 0, 0, 0, 0, 0};
    int[] easyLate = {480, 480, 480, 480, 480, 480, 480, 480, 480, 480, 480, 480, 480, 480, 480, 480, 480, 480, 480, 480};

    int[] mediumEarly = {0,300,0,0,0,300,0,300,0,300,300,0,0,300,300,300,0,300,300,0};
    int[] mediumLate = {480,480,180,180,180,480,180,480,180,480,480,180,180,480,480,480,180,480,480,180};

    int[] hardEarly = {0,60,300,300,0,300,60,0,300,60,300,60,60,300,0,300,360,360,60,360};
    int[] hardLate = {480,180,420,420,120,420,180,120,420,180,420,180,180,420,120,420,480,480,180,480};


// cost of traveling using a taxi between pair nodes

    double[][] taxiCost = {{1000.00,2.00,7.00,9.00,5.12,9.06,8.28,7.71,9.54,10.49,5.47,8.28,10.90,9.00,9.94,11.00,12.31,10.85,11.82,12.40},
            {2.00,1000.00,6.00,8.00,4.16,8.07,7.32,6.83,8.62,9.54,5.12,8.07,10.22,9.06,9.54,10.43,11.63,10.49,11.30,11.82},
            {7.00,6.00,1000.00,3.00,3.24,3.24,3.24,4.00,4.61,5.24,6.66,9.06,8.07,11.00,9.25,9.00,9.25,10.22,10.00,10.06},
            {9.00,8.00,3.00,1000.00,5.12,2.00,3.24,4.61,4.00,4.16,8.21,10.22,8.07,12.31,9.94,9.25,9.00,10.85,10.22,10.06},
            {5.12,4.16,3.24,5.12,1000.00,5.00,4.16,3.83,5.47,6.39,4.61,7.32,7.71,9.06,8.00,8.28,9.06,9.00,9.25,9.54},
            {9.06,8.07,3.24,2.00,5.00,1000.00,2.41,3.83,3.00,3.24,7.71,9.49,7.08,11.63,9.06,8.28,8.00,9.94,9.25,9.06},
            {8.28,7.32,3.24,3.24,4.16,2.41,1000.00,2.41,2.41,3.24,6.39,8.07,6.00,10.22,7.71,7.08,7.08,8.62,8.07,8.00},
            {7.71,6.83,4.00,4.61,3.83,3.83,2.41,1000.00,3.00,4.00,5.12,6.66,5.12,8.81,6.39,6.00,6.39,7.32,7.00,7.08},
            {9.54,8.62,4.61,4.00,5.47,3.00,2.41,3.00,1000.00,2.00,7.08,8.21,5.12,10.43,7.40,6.39,6.00,8.21,7.32,7.08},
            {10.49,9.54,5.24,4.16,6.39,3.24,3.24,4.00,2.00,1000.00,8.07,9.06,5.47,11.30,8.07,6.83,6.10,8.81,7.71,7.32},
            {5.47,5.12,6.66,8.21,4.61,7.71,6.39,5.12,7.08,8.07,1000.00,4.00,6.83,5.47,5.47,6.66,8.21,6.39,7.40,8.07},
            {8.28,8.07,9.06,10.22,7.32,9.49,8.07,6.66,8.21,9.06,4.00,1000.00,6.00,3.24,3.24,5.12,7.08,3.83,5.47,6.39},
            {10.90,10.22,8.07,8.07,7.71,7.08,6.00,5.12,5.12,5.47,6.83,6.00,1000.00,8.07,4.16,2.41,2.41,4.61,3.24,3.00},
            {9.00,9.06,11.00,12.31,9.06,11.63,10.22,8.81,10.43,11.30,5.47,3.24,8.07,1000.00,5.00,7.00,9.00,5.12,7.08,8.07},
            {9.94,9.54,9.25,9.94,8.00,9.06,7.71,6.39,7.40,8.07,5.47,3.24,4.16,5.00,1000.00,3.00,5.00,2.00,3.24,4.16},
            {11.00,10.43,9.00,9.25,8.28,8.28,7.08,6.00,6.39,6.83,6.66,5.12,2.41,7.00,3.00,1000.00,3.00,3.24,2.00,2.41},
            {12.31,11.63,9.25,9.00,9.06,8.00,7.08,6.39,6.00,6.10,8.21,7.08,2.41,9.00,5.00,3.00,1000.00,5.12,3.24,2.41},
            {10.85,10.49,10.22,10.85,9.00,9.94,8.62,7.32,8.21,8.81,6.39,3.83,4.61,5.12,2.00,3.24,5.12,1000.00,3.00,4.00},
            {11.82,11.30,10.00,10.22,9.25,9.25,8.07,7.00,7.32,7.71,7.40,5.47,3.24,7.08,3.24,2.00,3.24,3.00,1000.00,2.00},
            {12.40,11.82,10.06,10.06,9.54,9.06,8.00,7.08,7.08,7.32,8.07,6.39,3.00,8.07,4.16,2.41,2.41,4.00,2.00,1000.00},
    } ;




    // time it takes to travel using a taxi between pair nodes
    double[][] taxiTime = {{1000.00,5.83,35.00,46.67,24.05,47.03,42.47,39.13,49.84,55.34,26.09,42.47,57.75,46.67,52.17,58.33,66.00,57.45,63.10,66.51},
            {5.83,1000.00,29.17,40.83,18.45,41.25,36.89,34.01,44.43,49.84,24.05,41.25,53.78,47.03,49.84,55.03,62.01,55.34,60.06,63.10},
            {35.00,29.17,1000.00,11.67,13.04,13.04,13.04,17.50,21.03,24.75,33.00,47.03,41.25,58.33,48.10,46.67,48.10,53.78,52.50,52.82},
            {46.67,40.83,11.67,1000.00,24.05,5.83,13.04,21.03,17.50,18.45,42.06,53.78,41.25,66.00,52.17,48.10,46.67,57.45,53.78,52.82},
            {24.05,18.45,13.04,24.05,1000.00,23.33,18.45,16.50,26.09,31.41,21.03,36.89,39.13,47.03,40.83,42.47,47.03,46.67,48.10,49.84},
            {47.03,41.25,13.04,5.83,23.33,1000.00,8.25,16.50,11.67,13.04,39.13,49.50,35.48,62.01,47.03,42.47,40.83,52.17,48.10,47.03},
            {42.47,36.89,13.04,13.04,18.45,8.25,1000.00,8.25,8.25,13.04,31.41,41.25,29.17,53.78,39.13,35.48,35.48,44.43,41.25,40.83},
            {39.13,34.01,17.50,21.03,16.50,16.50,8.25,1000.00,11.67,17.50,24.05,33.00,24.05,45.56,31.41,29.17,31.41,36.89,35.00,35.48},
            {49.84,44.43,21.03,17.50,26.09,11.67,8.25,11.67,1000.00,5.83,35.48,42.06,24.05,55.03,37.35,31.41,29.17,42.06,36.89,35.48},
            {55.34,49.84,24.75,18.45,31.41,13.04,13.04,17.50,5.83,1000.00,41.25,47.03,26.09,60.06,41.25,34.01,29.74,45.56,39.13,36.89},
            {26.09,24.05,33.00,42.06,21.03,39.13,31.41,24.05,35.48,41.25,1000.00,17.50,34.01,26.09,26.09,33.00,42.06,31.41,37.35,41.25},
            {42.47,41.25,47.03,53.78,36.89,49.50,41.25,33.00,42.06,47.03,17.50,1000.00,29.17,13.04,13.04,24.05,35.48,16.50,26.09,31.41},
            {57.75,53.78,41.25,41.25,39.13,35.48,29.17,24.05,24.05,26.09,34.01,29.17,1000.00,41.25,18.45,8.25,8.25,21.03,13.04,11.67},
            {46.67,47.03,58.33,66.00,47.03,62.01,53.78,45.56,55.03,60.06,26.09,13.04,41.25,1000.00,23.33,35.00,46.67,24.05,35.48,41.25},
            {52.17,49.84,48.10,52.17,40.83,47.03,39.13,31.41,37.35,41.25,26.09,13.04,18.45,23.33,1000.00,11.67,23.33,5.83,13.04,18.45},
            {58.33,55.03,46.67,48.10,42.47,42.47,35.48,29.17,31.41,34.01,33.00,24.05,8.25,35.00,11.67,1000.00,11.67,13.04,5.83,8.25},
            {66.00,62.01,48.10,46.67,47.03,40.83,35.48,31.41,29.17,29.74,42.06,35.48,8.25,46.67,23.33,11.67,1000.00,24.05,13.04,8.25},
            {57.45,55.34,53.78,57.45,46.67,52.17,44.43,36.89,42.06,45.56,31.41,16.50,21.03,24.05,5.83,13.04,24.05,1000.00,11.67,17.50},
            {63.10,60.06,52.50,53.78,48.10,48.10,41.25,35.00,36.89,39.13,37.35,26.09,13.04,35.48,13.04,5.83,13.04,11.67,1000.00,5.83},
            {66.51,63.10,52.82,52.82,49.84,47.03,40.83,35.48,35.48,36.89,41.25,31.41,11.67,41.25,18.45,8.25,8.25,17.50,5.83,1000.00},
    } ;






    // cost of traveling using a bus between pair nodes
    double busCost[][] = {{1000.00,1.00,1.00,1.00,1000.00,1.00,1000.00,1000.00,1000.00,1000.00,1000.00,1000.00,1000.00,1000.00,1000.00,1000.00,1000.00,1000.00,1000.00,1000.00},
            {1.00,1000.00,1.00,1.00,1000.00,1.00,1000.00,1000.00,1000.00,1000.00,1000.00,1000.00,1000.00,1000.00,1000.00,1000.00,1000.00,1000.00,1000.00,1000.00},
            {1.00,1.00,1000.00,1.00,1.00,1.00,1000.00,1000.00,1000.00,1000.00,1000.00,1000.00,1000.00,1000.00,1000.00,1000.00,1000.00,1000.00,1000.00,1000.00},
            {1.00,1.00,1.00,1000.00,1000.00,1.00,1000.00,1000.00,1000.00,1000.00,1000.00,1000.00,1000.00,1000.00,1000.00,1000.00,1000.00,1000.00,1000.00,1000.00},
            {1000.00,1000.00,1.00,1000.00,1000.00,1000.00,1000.00,1000.00,1000.00,1000.00,1000.00,1000.00,1000.00,1000.00,1000.00,1000.00,1000.00,1000.00,1000.00,1000.00},
            {1.00,1.00,1.00,1.00,1000.00,1000.00,1000.00,1000.00,1000.00,1000.00,1000.00,1000.00,1000.00,1000.00,1000.00,1000.00,1000.00,1000.00,1000.00,1000.00},
            {1000.00,1000.00,1000.00,1000.00,1000.00,1000.00,1000.00,1.00,1.00,1.00,1000.00,1000.00,1000.00,1000.00,1000.00,1000.00,1000.00,1000.00,1000.00,1000.00},
            {1000.00,1000.00,1000.00,1000.00,1000.00,1000.00,1.00,1000.00,1.00,1.00,1000.00,1000.00,1000.00,1000.00,1000.00,1000.00,1000.00,1000.00,1000.00,1000.00},
            {1000.00,1000.00,1000.00,1000.00,1000.00,1000.00,1.00,1.00,1000.00,1.00,1000.00,1000.00,1000.00,1000.00,1000.00,1000.00,1000.00,1000.00,1000.00,1000.00},
            {1000.00,1000.00,1000.00,1000.00,1000.00,1000.00,1.00,1.00,1.00,1000.00,1000.00,1000.00,1000.00,1000.00,1000.00,1000.00,1000.00,1000.00,1000.00,1000.00},
            {1000.00,1000.00,1000.00,1000.00,1000.00,1000.00,1000.00,1000.00,1000.00,1000.00,1000.00,1.00,1000.00,1000.00,1000.00,1000.00,1000.00,1000.00,1000.00,1000.00},
            {1000.00,1000.00,1000.00,1000.00,1000.00,1000.00,1000.00,1000.00,1000.00,1000.00,1.00,1000.00,1.00,1000.00,1000.00,1000.00,1000.00,1000.00,1000.00,1000.00},
            {1000.00,1000.00,1000.00,1000.00,1000.00,1000.00,1000.00,1000.00,1000.00,1000.00,1000.00,1.00,1000.00,1000.00,1000.00,1000.00,1000.00,1000.00,1000.00,1000.00},
            {1000.00,1000.00,1000.00,1000.00,1000.00,1000.00,1000.00,1000.00,1000.00,1000.00,1000.00,1000.00,1000.00,1000.00,1.00,1.00,1.00,1000.00,1000.00,1000.00},
            {1000.00,1000.00,1000.00,1000.00,1000.00,1000.00,1000.00,1000.00,1000.00,1000.00,1000.00,1000.00,1000.00,1.00,1000.00,1.00,1.00,1.00,1000.00,1000.00},
            {1000.00,1000.00,1000.00,1000.00,1000.00,1000.00,1000.00,1000.00,1000.00,1000.00,1000.00,1000.00,1000.00,1.00,1.00,1000.00,1.00,1000.00,1000.00,1000.00},
            {1000.00,1000.00,1000.00,1000.00,1000.00,1000.00,1000.00,1000.00,1000.00,1000.00,1000.00,1000.00,1000.00,1.00,1.00,1.00,1000.00,1000.00,1000.00,1000.00},
            {1000.00,1000.00,1000.00,1000.00,1000.00,1000.00,1000.00,1000.00,1000.00,1000.00,1000.00,1000.00,1000.00,1000.00,1.00,1000.00,1000.00,1000.00,1.00,1.00},
            {1000.00,1000.00,1000.00,1000.00,1000.00,1000.00,1000.00,1000.00,1000.00,1000.00,1000.00,1000.00,1000.00,1000.00,1000.00,1000.00,1000.00,1.00,1000.00,1.00},
            {1000.00,1000.00,1000.00,1000.00,1000.00,1000.00,1000.00,1000.00,1000.00,1000.00,1000.00,1000.00,1000.00,1000.00,1000.00,1000.00,1000.00,1.00,1.00,1000.00},
    } ;






    // time it takes to travel using a taxi between pair nodes
    double[][] busTime = {{1000.00,11.67,70.00,93.33,1000.00,94.06,1000.00,1000.00,1000.00,1000.00,1000.00,1000.00,1000.00,1000.00,1000.00,1000.00,1000.00,1000.00,1000.00,1000.00},
            {11.67,1000.00,58.33,81.67,1000.00,82.50,1000.00,1000.00,1000.00,1000.00,1000.00,1000.00,1000.00,1000.00,1000.00,1000.00,1000.00,1000.00,1000.00,1000.00},
            {70.00,58.33,1000.00,23.33,26.09,26.09,1000.00,1000.00,1000.00,1000.00,1000.00,1000.00,1000.00,1000.00,1000.00,1000.00,1000.00,1000.00,1000.00,1000.00},
            {93.33,81.67,23.33,1000.00,1000.00,11.67,1000.00,1000.00,1000.00,1000.00,1000.00,1000.00,1000.00,1000.00,1000.00,1000.00,1000.00,1000.00,1000.00,1000.00},
            {1000.00,1000.00,26.09,1000.00,1000.00,1000.00,1000.00,1000.00,1000.00,1000.00,1000.00,1000.00,1000.00,1000.00,1000.00,1000.00,1000.00,1000.00,1000.00,1000.00},
            {94.06,82.50,26.09,11.67,1000.00,1000.00,1000.00,1000.00,1000.00,1000.00,1000.00,1000.00,1000.00,1000.00,1000.00,1000.00,1000.00,1000.00,1000.00,1000.00},
            {1000.00,1000.00,1000.00,1000.00,1000.00,1000.00,1000.00,16.50,16.50,26.09,1000.00,1000.00,1000.00,1000.00,1000.00,1000.00,1000.00,1000.00,1000.00,1000.00},
            {1000.00,1000.00,1000.00,1000.00,1000.00,1000.00,16.50,1000.00,23.33,35.00,1000.00,1000.00,1000.00,1000.00,1000.00,1000.00,1000.00,1000.00,1000.00,1000.00},
            {1000.00,1000.00,1000.00,1000.00,1000.00,1000.00,16.50,23.33,1000.00,11.67,1000.00,1000.00,1000.00,1000.00,1000.00,1000.00,1000.00,1000.00,1000.00,1000.00},
            {1000.00,1000.00,1000.00,1000.00,1000.00,1000.00,26.09,35.00,11.67,1000.00,1000.00,1000.00,1000.00,1000.00,1000.00,1000.00,1000.00,1000.00,1000.00,1000.00},
            {1000.00,1000.00,1000.00,1000.00,1000.00,1000.00,1000.00,1000.00,1000.00,1000.00,1000.00,35.00,1000.00,1000.00,1000.00,1000.00,1000.00,1000.00,1000.00,1000.00},
            {1000.00,1000.00,1000.00,1000.00,1000.00,1000.00,1000.00,1000.00,1000.00,1000.00,35.00,1000.00,58.33,1000.00,1000.00,1000.00,1000.00,1000.00,1000.00,1000.00},
            {1000.00,1000.00,1000.00,1000.00,1000.00,1000.00,1000.00,1000.00,1000.00,1000.00,1000.00,58.33,1000.00,1000.00,1000.00,1000.00,1000.00,1000.00,1000.00,1000.00},
            {1000.00,1000.00,1000.00,1000.00,1000.00,1000.00,1000.00,1000.00,1000.00,1000.00,1000.00,1000.00,1000.00,1000.00,46.67,70.00,93.33,1000.00,1000.00,1000.00},
            {1000.00,1000.00,1000.00,1000.00,1000.00,1000.00,1000.00,1000.00,1000.00,1000.00,1000.00,1000.00,1000.00,46.67,1000.00,23.33,46.67,11.67,1000.00,1000.00},
            {1000.00,1000.00,1000.00,1000.00,1000.00,1000.00,1000.00,1000.00,1000.00,1000.00,1000.00,1000.00,1000.00,70.00,23.33,1000.00,23.33,1000.00,1000.00,1000.00},
            {1000.00,1000.00,1000.00,1000.00,1000.00,1000.00,1000.00,1000.00,1000.00,1000.00,1000.00,1000.00,1000.00,93.33,46.67,23.33,1000.00,1000.00,1000.00,1000.00},
            {1000.00,1000.00,1000.00,1000.00,1000.00,1000.00,1000.00,1000.00,1000.00,1000.00,1000.00,1000.00,1000.00,1000.00,11.67,1000.00,1000.00,1000.00,23.33,35.00},
            {1000.00,1000.00,1000.00,1000.00,1000.00,1000.00,1000.00,1000.00,1000.00,1000.00,1000.00,1000.00,1000.00,1000.00,1000.00,1000.00,1000.00,23.33,1000.00,11.67},
            {1000.00,1000.00,1000.00,1000.00,1000.00,1000.00,1000.00,1000.00,1000.00,1000.00,1000.00,1000.00,1000.00,1000.00,1000.00,1000.00,1000.00,35.00,11.67,1000.00},
    } ;






}
