public class G {


    //This problem consisted of 20 nodes

    // Time window violation costs:
    int[] penalties = {40,9,5,9,5,9,8,9,5,9,5,7,8,6,5,7,6,8,7,9};
    //Time window settings used
    int[] easyEarly = {0, 0, 0, 0, 0, 0, 0, 0, 0, 0, 0, 0, 0, 0, 0, 0, 0, 0, 0, 0};
    int[] easyLate = {480, 480, 480, 480, 480, 480, 480, 480, 480, 480, 480, 480, 480, 480, 480, 480, 480, 480, 480, 480};

    int[] mediumEarly = {0,300,0,0,0,300,0,300,300,300,300,0,0,300,300,0,300,0,300,0};
    int[] mediumLate = {480,480,180,180,180,480,180,480,480,480,480,180,180,480,480,180,480,180,480,180};

    int[] hardEarly = {0,300,360,0,360,300,60,0,360,60,60,360,0,360,60,300,60,0,60,300};
    int[] hardLate = {480,420,480,120,480,420,180,120,480,180,180,480,120,480,180,420,180,120,180,420};


// cost of traveling using a taxi between pair nodes

    double[][] taxiCost = {{1000.00,2.00,2.41,2.00,6.39,3.83,6.83,6.00,4.16,6.00,5.12,6.00,10.22,9.49,11.63,9.94,12.40,11.82,10.06,10.00},
            {2.00,1000.00,3.24,2.41,7.32,4.61,7.71,6.83,4.61,6.66,5.47,6.10,11.00,10.22,12.31,10.43,13.04,12.40,10.22,10.06},
            {2.41,3.24,1000.00,2.00,5.12,2.41,5.47,4.61,3.00,4.61,4.00,5.12,8.81,8.07,10.22,8.62,11.00,10.43,9.00,9.06},
            {2.00,2.41,2.00,1000.00,6.10,3.24,6.39,5.47,3.24,5.24,4.16,5.00,9.60,8.81,10.90,9.06,11.63,11.00,9.06,9.00},
            {6.39,7.32,5.12,6.10,1000.00,4.00,2.00,2.41,5.12,3.83,5.47,6.83,5.47,5.12,7.32,7.08,8.28,8.07,9.06,9.60},
            {3.83,4.61,2.41,3.24,4.00,1000.00,4.16,3.24,2.41,3.24,3.24,4.61,7.40,6.66,8.81,7.32,9.60,9.06,8.07,8.28},
            {6.83,7.71,5.47,6.39,2.00,4.16,1000.00,2.00,5.00,3.24,5.12,6.39,4.61,4.16,6.39,6.10,7.32,7.08,8.21,8.81},
            {6.00,6.83,4.61,5.47,2.41,3.24,2.00,1000.00,4.00,2.41,4.16,5.47,5.24,4.61,6.83,6.00,7.71,7.32,7.71,8.21},
            {4.16,4.61,3.00,3.24,5.12,2.41,5.00,4.00,1000.00,3.24,2.00,3.24,7.71,6.83,8.81,6.83,9.49,8.81,7.00,7.08},
            {6.00,6.66,4.61,5.24,3.83,3.24,3.24,2.41,3.24,1000.00,3.00,4.16,5.47,4.61,6.66,5.12,7.40,6.83,6.39,6.83},
            {5.12,5.47,4.00,4.16,5.47,3.24,5.12,4.16,2.00,3.00,1000.00,2.41,7.32,6.39,8.21,6.00,8.81,8.07,6.00,6.10},
            {6.00,6.10,5.12,5.00,6.83,4.61,6.39,5.47,3.24,4.16,2.41,1000.00,8.07,7.08,8.62,6.00,9.06,8.21,5.12,5.00},
            {10.22,11.00,8.81,9.60,5.47,7.40,4.61,5.24,7.71,5.47,7.32,8.07,1000.00,2.00,3.00,4.61,4.00,4.16,7.71,8.62},
            {9.49,10.22,8.07,8.81,5.12,6.66,4.16,4.61,6.83,4.61,6.39,7.08,2.00,1000.00,3.24,3.83,4.16,4.00,6.83,7.71},
            {11.63,12.31,10.22,10.90,7.32,8.81,6.39,6.83,8.81,6.66,8.21,8.62,3.00,3.24,1000.00,4.00,2.00,2.41,7.08,8.07},
            {9.94,10.43,8.62,9.06,7.08,7.32,6.10,6.00,6.83,5.12,6.00,6.00,4.61,3.83,4.00,1000.00,4.16,3.24,4.16,5.12},
            {12.40,13.04,11.00,11.63,8.28,9.60,7.32,7.71,9.49,7.40,8.81,9.06,4.00,4.16,2.00,4.16,1000.00,2.00,7.00,8.00},
            {11.82,12.40,10.43,11.00,8.07,9.06,7.08,7.32,8.81,6.83,8.07,8.21,4.16,4.00,2.41,3.24,2.00,1000.00,6.00,7.00},
            {10.06,10.22,9.00,9.06,9.06,8.07,8.21,7.71,7.00,6.39,6.00,5.12,7.71,6.83,7.08,4.16,7.00,6.00,1000.00,2.00},
            {10.00,10.06,9.06,9.00,9.60,8.28,8.81,8.21,7.08,6.83,6.10,5.00,8.62,7.71,8.07,5.12,8.00,7.00,2.00,1000.00},
    } ;




    // time it takes to travel using a taxi between pair nodes
    double[][] taxiTime ={{1000.00,5.83,8.25,5.83,31.41,16.50,34.01,29.17,18.45,29.17,24.05,29.17,53.78,49.50,62.01,52.17,66.51,63.10,52.82,52.50},
            {5.83,1000.00,13.04,8.25,36.89,21.03,39.13,34.01,21.03,33.00,26.09,29.74,58.33,53.78,66.00,55.03,70.24,66.51,53.78,52.82},
            {8.25,13.04,1000.00,5.83,24.05,8.25,26.09,21.03,11.67,21.03,17.50,24.05,45.56,41.25,53.78,44.43,58.33,55.03,46.67,47.03},
            {5.83,8.25,5.83,1000.00,29.74,13.04,31.41,26.09,13.04,24.75,18.45,23.33,50.18,45.56,57.75,47.03,62.01,58.33,47.03,46.67},
            {31.41,36.89,24.05,29.74,1000.00,17.50,5.83,8.25,24.05,16.50,26.09,34.01,26.09,24.05,36.89,35.48,42.47,41.25,47.03,50.18},
            {16.50,21.03,8.25,13.04,17.50,1000.00,18.45,13.04,8.25,13.04,13.04,21.03,37.35,33.00,45.56,36.89,50.18,47.03,41.25,42.47},
            {34.01,39.13,26.09,31.41,5.83,18.45,1000.00,5.83,23.33,13.04,24.05,31.41,21.03,18.45,31.41,29.74,36.89,35.48,42.06,45.56},
            {29.17,34.01,21.03,26.09,8.25,13.04,5.83,1000.00,17.50,8.25,18.45,26.09,24.75,21.03,34.01,29.17,39.13,36.89,39.13,42.06},
            {18.45,21.03,11.67,13.04,24.05,8.25,23.33,17.50,1000.00,13.04,5.83,13.04,39.13,34.01,45.56,34.01,49.50,45.56,35.00,35.48},
            {29.17,33.00,21.03,24.75,16.50,13.04,13.04,8.25,13.04,1000.00,11.67,18.45,26.09,21.03,33.00,24.05,37.35,34.01,31.41,34.01},
            {24.05,26.09,17.50,18.45,26.09,13.04,24.05,18.45,5.83,11.67,1000.00,8.25,36.89,31.41,42.06,29.17,45.56,41.25,29.17,29.74},
            {29.17,29.74,24.05,23.33,34.01,21.03,31.41,26.09,13.04,18.45,8.25,1000.00,41.25,35.48,44.43,29.17,47.03,42.06,24.05,23.33},
            {53.78,58.33,45.56,50.18,26.09,37.35,21.03,24.75,39.13,26.09,36.89,41.25,1000.00,5.83,11.67,21.03,17.50,18.45,39.13,44.43},
            {49.50,53.78,41.25,45.56,24.05,33.00,18.45,21.03,34.01,21.03,31.41,35.48,5.83,1000.00,13.04,16.50,18.45,17.50,34.01,39.13},
            {62.01,66.00,53.78,57.75,36.89,45.56,31.41,34.01,45.56,33.00,42.06,44.43,11.67,13.04,1000.00,17.50,5.83,8.25,35.48,41.25},
            {52.17,55.03,44.43,47.03,35.48,36.89,29.74,29.17,34.01,24.05,29.17,29.17,21.03,16.50,17.50,1000.00,18.45,13.04,18.45,24.05},
            {66.51,70.24,58.33,62.01,42.47,50.18,36.89,39.13,49.50,37.35,45.56,47.03,17.50,18.45,5.83,18.45,1000.00,5.83,35.00,40.83},
            {63.10,66.51,55.03,58.33,41.25,47.03,35.48,36.89,45.56,34.01,41.25,42.06,18.45,17.50,8.25,13.04,5.83,1000.00,29.17,35.00},
            {52.82,53.78,46.67,47.03,47.03,41.25,42.06,39.13,35.00,31.41,29.17,24.05,39.13,34.01,35.48,18.45,35.00,29.17,1000.00,5.83},
            {52.50,52.82,47.03,46.67,50.18,42.47,45.56,42.06,35.48,34.01,29.74,23.33,44.43,39.13,41.25,24.05,40.83,35.00,5.83,1000.00},
    } ;







    // cost of traveling using a bus between pair nodes
    double busCost[][] = {{1000.00,1.00,1.00,1000.00,1000.00,1.00,1.00,1.00,1000.00,1000.00,1000.00,1000.00,1000.00,1000.00,1000.00,1000.00,1000.00,1000.00,1000.00,1000.00},
            {1.00,1000.00,1.00,1.00,1000.00,1.00,1.00,1.00,1.00,1000.00,1.00,1.00,1000.00,1000.00,1000.00,1000.00,1000.00,1000.00,1000.00,1000.00},
            {1.00,1.00,1000.00,1000.00,1000.00,1.00,1.00,1.00,1000.00,1000.00,1000.00,1000.00,1000.00,1000.00,1000.00,1000.00,1000.00,1000.00,1000.00,1000.00},
            {1000.00,1.00,1000.00,1000.00,1000.00,1000.00,1000.00,1000.00,1.00,1000.00,1.00,1.00,1000.00,1000.00,1000.00,1000.00,1000.00,1000.00,1000.00,1000.00},
            {1000.00,1000.00,1000.00,1000.00,1000.00,1000.00,1.00,1000.00,1000.00,1000.00,1000.00,1000.00,1000.00,1000.00,1000.00,1000.00,1000.00,1000.00,1000.00,1000.00},
            {1.00,1.00,1.00,1000.00,1000.00,1000.00,1.00,1.00,1000.00,1000.00,1000.00,1000.00,1000.00,1000.00,1000.00,1000.00,1000.00,1000.00,1000.00,1000.00},
            {1.00,1.00,1.00,1000.00,1.00,1.00,1000.00,1.00,1000.00,1000.00,1000.00,1000.00,1000.00,1000.00,1000.00,1000.00,1000.00,1000.00,1000.00,1000.00},
            {1.00,1.00,1.00,1000.00,1000.00,1.00,1.00,1000.00,1000.00,1000.00,1000.00,1000.00,1000.00,1000.00,1000.00,1000.00,1000.00,1000.00,1000.00,1000.00},
            {1000.00,1.00,1000.00,1.00,1000.00,1000.00,1000.00,1000.00,1000.00,1000.00,1.00,1.00,1000.00,1000.00,1000.00,1000.00,1000.00,1000.00,1000.00,1000.00},
            {1000.00,1000.00,1000.00,1000.00,1000.00,1000.00,1000.00,1000.00,1000.00,1000.00,1000.00,1000.00,1000.00,1000.00,1000.00,1000.00,1000.00,1000.00,1000.00,1000.00},
            {1000.00,1.00,1000.00,1.00,1000.00,1000.00,1000.00,1000.00,1.00,1000.00,1000.00,1.00,1000.00,1000.00,1000.00,1000.00,1000.00,1000.00,1000.00,1000.00},
            {1000.00,1.00,1000.00,1.00,1000.00,1000.00,1000.00,1000.00,1.00,1000.00,1.00,1000.00,1000.00,1000.00,1000.00,1000.00,1000.00,1000.00,1000.00,1000.00},
            {1000.00,1000.00,1000.00,1000.00,1000.00,1000.00,1000.00,1000.00,1000.00,1000.00,1000.00,1000.00,1000.00,1.00,1.00,1000.00,1000.00,1000.00,1000.00,1000.00},
            {1000.00,1000.00,1000.00,1000.00,1000.00,1000.00,1000.00,1000.00,1000.00,1000.00,1000.00,1000.00,1.00,1000.00,1000.00,1000.00,1000.00,1000.00,1000.00,1000.00},
            {1000.00,1000.00,1000.00,1000.00,1000.00,1000.00,1000.00,1000.00,1000.00,1000.00,1000.00,1000.00,1.00,1000.00,1000.00,1000.00,1000.00,1000.00,1000.00,1000.00},
            {1000.00,1000.00,1000.00,1000.00,1000.00,1000.00,1000.00,1000.00,1000.00,1000.00,1000.00,1000.00,1000.00,1000.00,1000.00,1000.00,1.00,1.00,1.00,1.00},
            {1000.00,1000.00,1000.00,1000.00,1000.00,1000.00,1000.00,1000.00,1000.00,1000.00,1000.00,1000.00,1000.00,1000.00,1000.00,1.00,1000.00,1.00,1.00,1000.00},
            {1000.00,1000.00,1000.00,1000.00,1000.00,1000.00,1000.00,1000.00,1000.00,1000.00,1000.00,1000.00,1000.00,1000.00,1000.00,1.00,1.00,1000.00,1.00,1.00},
            {1000.00,1000.00,1000.00,1000.00,1000.00,1000.00,1000.00,1000.00,1000.00,1000.00,1000.00,1000.00,1000.00,1000.00,1000.00,1.00,1.00,1.00,1000.00,1.00},
            {1000.00,1000.00,1000.00,1000.00,1000.00,1000.00,1000.00,1000.00,1000.00,1000.00,1000.00,1000.00,1000.00,1000.00,1000.00,1.00,1000.00,1.00,1.00,1000.00},
    } ;








    // time it takes to travel using a taxi between pair nodes
    double[][] busTime = {{1000.00,11.67,16.50,1000.00,1000.00,33.00,68.03,58.33,1000.00,1000.00,1000.00,1000.00,1000.00,1000.00,1000.00,1000.00,1000.00,1000.00,1000.00,1000.00},
            {11.67,1000.00,26.09,16.50,1000.00,42.06,78.26,68.03,42.06,1000.00,52.17,59.49,1000.00,1000.00,1000.00,1000.00,1000.00,1000.00,1000.00,1000.00},
            {16.50,26.09,1000.00,1000.00,1000.00,16.50,52.17,42.06,1000.00,1000.00,1000.00,1000.00,1000.00,1000.00,1000.00,1000.00,1000.00,1000.00,1000.00,1000.00},
            {1000.00,16.50,1000.00,1000.00,1000.00,1000.00,1000.00,1000.00,26.09,1000.00,36.89,46.67,1000.00,1000.00,1000.00,1000.00,1000.00,1000.00,1000.00,1000.00},
            {1000.00,1000.00,1000.00,1000.00,1000.00,1000.00,11.67,1000.00,1000.00,1000.00,1000.00,1000.00,1000.00,1000.00,1000.00,1000.00,1000.00,1000.00,1000.00,1000.00},
            {33.00,42.06,16.50,1000.00,1000.00,1000.00,36.89,26.09,1000.00,1000.00,1000.00,1000.00,1000.00,1000.00,1000.00,1000.00,1000.00,1000.00,1000.00,1000.00},
            {68.03,78.26,52.17,1000.00,11.67,36.89,1000.00,11.67,1000.00,1000.00,1000.00,1000.00,1000.00,1000.00,1000.00,1000.00,1000.00,1000.00,1000.00,1000.00},
            {58.33,68.03,42.06,1000.00,1000.00,26.09,11.67,1000.00,1000.00,1000.00,1000.00,1000.00,1000.00,1000.00,1000.00,1000.00,1000.00,1000.00,1000.00,1000.00},
            {1000.00,42.06,1000.00,26.09,1000.00,1000.00,1000.00,1000.00,1000.00,1000.00,11.67,26.09,1000.00,1000.00,1000.00,1000.00,1000.00,1000.00,1000.00,1000.00},
            {1000.00,1000.00,1000.00,1000.00,1000.00,1000.00,1000.00,1000.00,1000.00,1000.00,1000.00,1000.00,1000.00,1000.00,1000.00,1000.00,1000.00,1000.00,1000.00,1000.00},
            {1000.00,52.17,1000.00,36.89,1000.00,1000.00,1000.00,1000.00,11.67,1000.00,1000.00,16.50,1000.00,1000.00,1000.00,1000.00,1000.00,1000.00,1000.00,1000.00},
            {1000.00,59.49,1000.00,46.67,1000.00,1000.00,1000.00,1000.00,26.09,1000.00,16.50,1000.00,1000.00,1000.00,1000.00,1000.00,1000.00,1000.00,1000.00,1000.00},
            {1000.00,1000.00,1000.00,1000.00,1000.00,1000.00,1000.00,1000.00,1000.00,1000.00,1000.00,1000.00,1000.00,11.67,23.33,1000.00,1000.00,1000.00,1000.00,1000.00},
            {1000.00,1000.00,1000.00,1000.00,1000.00,1000.00,1000.00,1000.00,1000.00,1000.00,1000.00,1000.00,11.67,1000.00,1000.00,1000.00,1000.00,1000.00,1000.00,1000.00},
            {1000.00,1000.00,1000.00,1000.00,1000.00,1000.00,1000.00,1000.00,1000.00,1000.00,1000.00,1000.00,23.33,1000.00,1000.00,1000.00,1000.00,1000.00,1000.00,1000.00},
            {1000.00,1000.00,1000.00,1000.00,1000.00,1000.00,1000.00,1000.00,1000.00,1000.00,1000.00,1000.00,1000.00,1000.00,1000.00,1000.00,36.89,26.09,36.89,48.10},
            {1000.00,1000.00,1000.00,1000.00,1000.00,1000.00,1000.00,1000.00,1000.00,1000.00,1000.00,1000.00,1000.00,1000.00,1000.00,36.89,1000.00,11.67,70.00,1000.00},
            {1000.00,1000.00,1000.00,1000.00,1000.00,1000.00,1000.00,1000.00,1000.00,1000.00,1000.00,1000.00,1000.00,1000.00,1000.00,26.09,11.67,1000.00,58.33,70.00},
            {1000.00,1000.00,1000.00,1000.00,1000.00,1000.00,1000.00,1000.00,1000.00,1000.00,1000.00,1000.00,1000.00,1000.00,1000.00,36.89,70.00,58.33,1000.00,11.67},
            {1000.00,1000.00,1000.00,1000.00,1000.00,1000.00,1000.00,1000.00,1000.00,1000.00,1000.00,1000.00,1000.00,1000.00,1000.00,48.10,1000.00,70.00,11.67,1000.00},
    } ;








}
